1.1) 1225000
1.2) 4

2.1) 360000
2.3) 2009

3.2) 2
3.4) 2

4.1) 21613
4.2) 21
 
5.2) 0
5.4) 0

6.1)13 
6.3)70


7.1)10680,161,8241,613,1910,8
7.3)9824,6882,2760,1601,272,199,38,13,13,6,3,1,1

8.1)3.500,1.494,1.000,0.540
8.2)33.000,3.371,0.930,0.000

9.2)15
9.5)bedrooms,condition,grade,id,sqft_above,sqft_basement,sqft_living,sqft_living15,sqft_lot,sqft_lot15,view,waterfront,yr_built,yr_renovated,zipcode

10.1)3
10.2)2007

11.3)1984
11.5)13540

12.4)1947
12.5)8

13.2)1153
13.5)2

14.1)436715.314
14.3)154000.000


16.4)98023.000
16.5)1.000


18.1)1
18.2)5














